1535
1183
3378
3825
643
90
2835
3865
2220
2177
3753
3552
935
4236
719
1325
455
3846
2518
4894
2915
3050
4746
3992
660
2678
1225
3105
2273
4060
330
1695
2864
2703
4739
381
2982
4996
3460
1495
4173
3310
4398
3367
2841
2973
293
387
4206
4763
3207
4301
2826
2100
1082
1463
2722
4917
80
3455
870
4178
4832
1455
4077
4556
1633
3635
3658
1422
265
585
4131
4310
3183
2486
2197
1160
3202
1228
4744
1720
3809
4001
3915
2553
3039
2531
1092
1624
4548
4520
1834
245
2247
1138
4361
1839
1847
3072
2095
456
3097
3400
4280
1221
779
3002
2760
4238
96
4488
4129
3476
530
4438
3138
1984
651
4836
3850
2684
4145
3379
2251
3344
2470
1308
2879
4534
1606
2001
4549
712
1645
4458
890
122
889
591
3231
1896
4760
3171
2859
2487
1093
4961
4499
130
433
1951
1334
2667
4564
3543
956
4031
1973
4016
2266
3716
8
3963
3298
1132
3810
4986
3082
4569
4670
1323
2427
3972
2848
3434
2428
4352
3607
4166
2900
398
1850
3756
1131
4799
2532
2349
47
4474
2146
1694
4081
4957
3864
129
2544
2945
2603
350
2463
3189
854
4703
4825
1945
4599
2955
638
195
16
1677
4936
3839
208
4096
2304
2574
2089
1519
1435
3981
453
557
4969
995
4898
1444
517
4819
4430
234
4010
3005
4777
2811
430
4687
2348
1498
365
3404
1783
1568
2989
3561
922
1165
3629
1198
757
1881
2630
2443
1087
31
4593
4689
2110
769
2538
3591
3316
1999
3088
3707
1489
2780
3452
4679
4461
285
2567
2787
2745
686
3754
2014
17
2845
3503
2641
4179
3749
2408
4117
359
1527
3133
2477
4724
4046
4407
4061
466
1865
2979
2374
1217
4012
1503
4647
1685
797
2734
1208
3706
3740
3618
2956
502
1031
3731
4514
3111
621
1793
4607
3592
623
2323
665
4990
2651
1719
3355
4143
1034
774
1811
4235
1097
4715
4774
1912
2750
4671
223
4879
2406
497
1391
361
3804
2625
1119
4526
1930
1935
846
782
1070
903
1144
3617
3419
2668
1307
3974
910
617
161
1716
951
2813
1438
240
1055
2474
2300
233
3568
1777
1218
519
1063
3486
1745
3153
2563
4384
2091
2179
3483
1148
960
3976
820
2584
2221
4213
3277
2032
1329
4383
3733
4927
419
1236
866
2660
777
2158
2184
2011
1446
2483
3848
770
1291
2705
2659
1962
628
1204
2264
2399
654
2115
2346
1769
3194
4743
4779
2000
983
1552
1276
4298
3062
4861
4036
56
3108
3295
3768
4122
3069
3790
2809
3018
102
724
1879
1760
2417
2139
3137
3633
1653
3004
853
174
3413
4123
4106
3648
612
1417
4069
1593
181
1099
1843
2886
1330
3327
592
336
1483
429
580
272
1493
3264
1116
416
3014
4195
3970
2731
1666
1862
72
763
4516
4975
1860
4515
4417
2076
4322
4100
3911
783
3735
2195
2193
2589
4908
3430
656
1305
4976
3594
4447
2639
4477
3878
2149
4248
1570
4182
3449
2214
3173
1008
212
3956
3841
2953
1470
2365
1409
3765
4315
1431
4000
933
3174
158
907
3341
1960
4353
4587
4246
1158
3827
929
1021
795
3323
522
4848
1884
3940
792
4175
4883
4596
531
275
4476
2287
3332
2124
1112
4938
2390
3983
352
604
1993
3673
4340
2889
1445
1744
1543
1818
1433
1389
367
3197
3220
1686
4929
4546
1717
2444
2638
2373
11
4287
354
4852
4358
4110
3054
99
2389
1266
4101
3521
1849
3952
3239
4678
1926
4337
2053
863
88
4191
609
4041
4822
1149
3433
192
3372
2918
898
3546
2309
4649
624
1650
3461
3251
751
2036
4073
4604
2222
4553
883
2799
4388
191
2068
3773
2675
2901
4723
1457
4807
3680
828
2851
2896
2144
1441
2967
3117
4007
1359
1302
4694
499
1418
682
2181
1707
337
743
2766
2934
2311
2386
2310
1372
2051
4921
3615
1152
1412
3398
672
4851
3764
131
3320
2372
1704
2178
4810
3943
1711
3411
4380
4063
3682
1475
4279
82
1910
735
535
1312
3342
2162
3882
2013
1725
2872
3501
3130
2935
3860
1460
3060
1774
4771
176
3614
9
1072
683
3800
4749
4032
348
3312
3286
3547
2425
4209
2292
2446
2295
3061
4442
1638
3224
1965
3697
248
1939
385
303
4194
1464
2613
100
3719
4397
3852
2120
2791
2557
3121
1428
4713
986
2308
1048
4589
2854
1397
4253
3627
4698
3317
4845
1953
578
70
676
940
880
458
1895
3821
4343
2716
2339
4591
775
4919
2253
3762
765
2067
377
127
2902
4714
2379
4997
3513
1657
4597
2806
4827
452
1052
3422
3896
4562
1032
3473
2605
1352
4393
3120
2242
2707
2825
1715
1604
2683
4369
2096
865
2713
4886
1958
4727
4043
3578
13
3427
2652
2932
4058
2783
3158
1918
1129
3705
108
3802
400
3246
2454
3352
4606
75
2565
2657
1324
2021
3296
896
1168
512
709
4149
2723
1185
4640
4747
3571
244
1509
1009
1660
1118
864
4568
1127
2143
663
408
4567
2235
3958
3165
3237
4600
4184
2041
3715
4625
2610
3429
1662
2876
2594
4003
1306
1346
4229
540
2118
1071
490
290
4870
1171
4922
3998
4788
884
1044
2530
3838
4931
4842
1491
1270
3919
1001
1507
286
4909
619
4470
720
941
1010
420
1452
1012
3989
4463
3373
210
1135
1670
1668
3549
1899
954
3136
4858
4329
685
3665
2200
3031
326
2647
404
1478
4078
1414
871
1430
1804
3314
1332
4415
4228
4446
3248
470
4945
1186
4576
4721
3968
4672
1451
3820
2451
4923
2911
4216
368
2672
1145
4741
4102
895
3157
2016
1701
3964
2597
4716
37
106
3736
680
1244
4618
3995
4296
2098
2466
3428
2893
84
2262
1286
3872
2548
2757
1747
1947
1416
1830
2234
3453
3335
3893
1000
4926
2375
2164
255
3164
2558
4726
1378
2228
2637
2411
451
4846
3744
1282
2509
1563
4523
178
4504
4616
3077
2626
3905
4372
4884
3679
832
3035
860
614
4276
1859
2838
4953
4942
1512
2293
800
2771
2972
4483
3188
3978
2302
684
1022
876
4964
167
1590
1163
1103
3383
4796
955
257
2765
1089
1534
625
3252
3256
3868
4267
1702
1949
1758
4756
2301
4132
3548
3456
3873
1675
185
1714
1877
3448
3340
2987
2701
2056
3887
695
3033
3877
2970
3683
4456
2231
2729
4541
3871
1981
1586
2327
1243
4695
4348
2586
1531
2018
4314
1906
943
2506
4037
2031
1622
2904
3200
3315
518
1693
3313
4750
3365
975
273
1059
3937
3811
662
2277
4872
2551
4278
4605
1174
3597
3103
1107
4973
2429
4944
4090
1961
3636
2112
1109
3300
2575
2082
4271
50
1357
3462
1268
2824
3160
641
1634
444
2183
3554
1528
697
4881
343
2109
45
3319
786
3309
1096
1358
1170
3464
4112
536
2735
516
2682
321
2573
1799
4018
2022
788
804
1230
3446
3897
2254
3030
4805
596
4545
2140
3091
132
1496
3376
3815
3718
24
4980
4887
2198
506
1413
1821
135
3999
3115
4127
3927
214
957
4762
1868
1743
1916
2519
2578
2167
1664
1636
668
514
2232
1915
3664
3575
4603
594
3663
3493
3906
3065
1176
4273
3107
1494
2796
3573
2736
1803
2887
4592
4272
2019
264
2249
2278
4686
2467
529
2155
4510
3026
3436
3145
2176
3532
2609
3489
4378
1852
3630
1284
699
3458
4731
2259
2246
281
4181
4946
3862
1401
2351
3485
829
2624
311
4865
2524
2333
4
114
4550
4642
4956
3152
1084
3599
68
3642
2093
4941
3870
4332
4156
3337
393
2223
1889
2842
2658
2576
3801
1005
2337
4782
3123
1663
3779
1356
1538
34
3712
2782
2990
2362
4363
1975
1539
78
133
1615
3098
1155
298
2985
593
2128
4302
2664
3832
821
2160
1972
4082
3324
2861
937
4252
4864
3022
4566
4345
3261
310
1190
116
3996
2433
1943
3175
250
409
1856
3215
2398
1206
2768
1920
4537
4218
3032
3370
2340
481
2431
4304
2555
2590
2413
4125
1113
2674
1345
339
4239
4636
3041
498
1651
2061
632
3789
267
289
1718
1067
425
3806
1437
2261
4327
4797
879
2015
2914
312
2438
965
207
2432
2996
1888
1583
982
913
1402
2640
631
1728
849
4079
1436
1220
1582
1196
483
4312
1934
2173
4544
787
462
3730
4653
2708
3722
4844
4402
1376
917
3579
2286
545
4813
4376
186
1969
4021
2447
4086
761
3410
3760
177
2129
1857
1620
1271
733
835
175
3604
4455
434
2133
3071
4038
2397
355
2298
4170
2995
4574
48
1648
3656
1481
3899
3291
1065
4875
4528
1514
2828
3143
705
4006
1241
2145
4614
1257
2212
1700
738
2773
2114
2959
3623
3471
4850
4937
2006
1490
510
928
2240
1639
3930
4341
2058
1627
1157
1712
4342
1053
915
4615
1100
1966
1473
3205
2883
480
3499
4268
3432
2017
2670
3397
4821
3534
2997
3392
4814
3925
4572
2479
4401
3608
762
492
2692
3459
4988
4475
4527
2005
77
3563
1124
991
4911
1891
4282
2772
1592
4242
2151
4513
2370
3643
424
4620
3829
4570
4690
4951
696
3441
2126
3361
2502
242
4987
215
3244
231
511
1238
4511
2599
723
251
4394
582
3307
1449
4575
2579
616
4406
2916
4148
892
4812
4141
3660
4428
309
3144
1465
3272
2002
4496
2968
3203
4136
1392
4867
2047
3939
2740
3241
1399
4224
463
3302
3572
454
3945
4449
4949
3438
4659
4197
748
2633
1894
146
2027
1088
885
1026
2601
4784
4351
2330
2614
3969
2719
4151
500
4153
3914
4318
4471
813
3828
996
1921
92
2602
3127
2023
1682
3488
3418
1143
3347
1692
2368
2676
1043
1589
1988
3720
3374
4767
4539
601
465
373
4583
3482
1025
708
2481
1914
4963
2034
640
3079
3559
220
2400
4189
421
2422
3556
3412
1727
3034
3922
715
332
710
2726
1045
4503
4628
4773
4708
2113
1390
3092
2539
3510
2767
3536
4431
3883
2042
3193
18
3274
488
1188
607
4658
4162
1222
1227
4165
341
4241
4803
3177
1033
396
4005
3019
4833
551
29
28
3637
3515
2402
4901
476
435
1060
3988
1854
366
4962
3234
1467
4306
772
1073
1304
1946
230
1782
4673
810
347
4104
2352
2161
3457
4225
3932
1617
3727
1083
3283
3333
2341
1054
918
862
2962
554
1985
4231
415
4710
4981
812
3110
2986
3102
322
3701
670
4717
2831
1328
927
3227
2003
1789
4738
157
756
2180
4436
1338
479
342
739
1785
2925
4290
3013
173
3747
4338
3395
2040
3119
2029
2933
4691
3064
249
1405
1982
170
2761
4147
1806
1175
4522
125
4467
4998
2305
2065
313
1106
3089
3616
461
2907
3902
3306
768
1101
1726
1812
3025
4335
2738
1757
2350
4261
1786
3669
3849
1373
1429
2437
2939
89
3793
877
3539
2125
4705
4068
2424
4221
3624
2865
2270
2391
4594
4294
2940
567
1770
2271
706
4373
2504
2514
902
3944
4308
2820
3408
4854
428
2008
1635
3678
1738
1551
2629
147
1992
2661
873
4617
4115
4873
3214
622
4254
4479
2296
1226
357
4505
4344
993
3950
1825
2587
2559
3980
402
1855
3052
395
3746
2888
3693
320
3490
1781
581
4829
4577
1655
1104
3305
3106
1141
3973
196
3258
3550
1525
4121
3598
4680
3409
1612
4226
4684
1557
1011
2884
984
4403
4320
677
2049
559
687
2185
3040
4656
4641
2924
3230
4643
2211
2289
4048
3043
2410
4255
3381
3962
1779
151
2269
3675
137
3132
4798
1903
2850
1277
4940
3015
4732
4157
319
525
737
1798
2166
1699
3437
3191
4561
3245
1784
2527
2283
2257
2951
3518
237
443
2926
713
3880
495
2821
4325
1801
2086
3045
1439
4904
1643
2880
4816
3517
1485
418
4039
73
441
2936
2993
2077
1730
4262
4244
1050
3670
3233
3752
2244
3294
693
1404
2533
1309
3650
3835
1353
3823
3794
372
1637
1767
153
422
3891
4180
844
4992
3913
2353
216
3861
1260
541
1215
2097
3265
30
4896
1864
3512
1341
3125
221
3703
291
1411
2206
4067
2233
1361
1248
4385
2507
1762
1
3916
3131
1110
2108
4661
1340
1986
4114
2105
3755
3338
3020
2690
1077
69
2238
692
4899
3210
3709
2159
1251
1440
1476
4876
2516
3688
1069
4683
3564
3843
1873
1542
4801
1869
3169
4610
3
1274
2171
1698
3520
649
2072
4663
4495
4626
1348
1940
3938
2381
1283
3966
3192
4905
3817
1773
1998
2564
3073
1355
3745
282
2774
4050
1703
2123
3640
3659
4056
3805
2471
1128
2749
2786
2342
1064
1948
1763
4547
4374
209
1263
1575
113
219
4450
155
4422
4542
4509
2981
1598
4736
1078
3385
2382
992
2654
1689
412
4362
1161
2920
2363
472
2819
4028
1293
3638
1691
3010
2084
4519
1314
4095
1290
1075
3581
2663
4551
1761
1272
837
2204
2950
263
3934
3068
1529
4543
3814
513
2954
3813
972
1342
974
405
4293
2779
3389
4034
4765
3387
3702
1929
552
2927
3726
1994
4029
3156
1421
4634
874
586
2172
3218
1922
4637
3951
4223
893
2521
2057
4234
4759
2465
3049
2272
1057
64
3888
241
1870
3285
1279
4654
4632
1618
4970
2980
2899
1511
1472
119
436
1706
4200
823
2595
2415
2600
3967
3990
87
523
3048
3280
3507
1212
2618
370
1690
2186
4500
3541
2388
961
1771
3269
4472
3881
486
413
3661
3346
4283
4324
1646
4786
2280
4508
2867
4420
4027
1964
4443
946
1333
2795
4071
843
826
1989
3278
841
4243
67
1561
1594
1673
4982
1487
1014
2154
3491
4912
4247
2843
232
847
1407
543
4411
859
911
3055
4089
2898
2732
1262
4099
3304
1385
611
4205
469
1004
2073
4820
2938
742
1020
947
2131
2376
4560
789
1919
123
1776
1018
1826
4525
4934
4843
4323
2998
4265
942
4517
120
780
3586
4920
2217
41
331
15
283
2445
1504
3885
4118
2566
1632
2721
3842
936
2655
288
163
496
803
2493
94
2285
1062
83
1548
3360
2480
2681
2543
271
1205
1027
1968
1842
3831
3167
3250
4902
4815
2448
4139
2367
3479
3845
3808
994
1819
796
2004
3671
3531
3886
807
4790
4895
2135
2092
406
4859
199
4203
1792
274
2325
2205
1722
487
2974
2802
2111
920
4657
379
2147
4370
825
2742
2781
4768
3959
3201
1187
1647
702
2274
2755
2976
793
1611
4040
652
4521
1120
2770
1339
2094
1628
3784
2216
556
3451
4167
4465
1003
2054
3565
473
3771
3021
2203
3421
4800
1833
2404
168
3498
4928
2497
701
4008
3514
4869
2345
1331
3297
1696
845
2194
1723
4664
4333
3266
3935
1936
2441
1750
4158
3247
4918
2975
3353
4264
2045
4871
3955
3301
2127
526
771
4309
4030
2620
3791
4828
985
1047
3904
3100
26
3769
784
3469
3676
1264
4645
1265
1038
4932
2511
165
3875
296
1517
2741
4392
3588
538
4536
109
2759
2326
872
2596
1066
3243
3369
344
3535
3271
1875
3118
2475
1537
1086
4423
1731
266
3982
2473
3104
3356
1976
4169
3396
3840
166
2460
4291
2892
4910
392
766
4612
253
4211
3818
2758
4192
2849
2284
785
3774
2395
3042
629
3495
4207
532
4140
2026
1944
2906
3287
565
897
1237
3267
3605
848
2484
2439
776
1207
1289
1406
1823
2188
448
3078
2611
2711
4933
3936
1396
1223
2702
2823
1461
3717
1178
818
798
2456
3415
2469
4693
1318
55
2931
3024
140
4161
148
767
1224
3199
2243
3957
42
1367
1684
3401
544
2182
3500
154
963
740
1980
3803
3180
1434
4404
2717
376
1665
3093
1874
3099
4448
1375
3889
4532
4070
3569
3359
4965
3553
1395
3366
4186
3147
3080
1978
2746
4811
3819
2136
4751
4725
4635
4429
3933
744
2482
4313
4134
3677
3163
938
3714
4208
4914
2592
3971
2895
3140
1239
304
1892
198
2714
560
4130
2621
1140
2554
587
2727
54
1321
2332
4227
3059
4202
3668
1246
1040
4730
252
3867
1172
2580
4735
4183
2087
4709
2347
2687
527
2394
2081
3859
1468
2631
949
2321
143
3444
4685
2069
3652
2230
3695
639
4074
2060
1177
246
3824
1029
4400
2763
2643
4712
3987
2009
3984
3639
3386
851
4939
141
2409
4840
1313
184
139
101
2739
3583
878
602
3960
1403
857
2930
1678
1925
2063
4330
603
2688
1933
977
1297
909
953
1386
2862
4126
2928
4958
1267
3268
4441
3388
164
2030
3619
4502
2523
1588
3758
4055
971
2874
3126
2744
4706
679
4356
1927
4559
2636
658
4065
1456
1688
3997
4766
2515
1462
1609
3211
1419
3508
2946
142
4066
1203
3262
608
3150
2834
1659
3918
4578
900
2547
726
2790
4288
3833
477
3766
2485
791
2969
2418
816
1601
944
1458
4201
2656
1036
1733
2764
1459
3612
537
2028
1335
3723
1195
3440
4613
144
1813
1613
3470
152
964
464
1599
1122
778
3895
2174
1213
268
945
4748
2503
1796
4791
1597
3212
300
2071
3560
4702
3711
1605
3242
3155
258
2947
3777
1209
1898
1844
3416
1983
4163
2037
1866
598
563
2582
1808
2949
916
3223
4434
4974
4665
3631
4399
1471
4789
3109
3985
169
280
2784
4357
2150
759
4874
914
2384
4020
3767
2699
3474
1872
729
2593
2858
260
691
4245
211
1450
3759
4915
4682
3667
4052
3151
2646
2748
2209
1095
806
1780
4354
3542
2794
4440
3311
1752
318
3645
653
2881
4619
1278
2776
2316
3994
38
4666
1299
134
1816
657
4602
1924
2751
3168
4718
1904
2190
2718
3086
4193
3209
3655
3734
86
3689
4300
2855
2905
980
637
3081
3708
2357
4824
427
1469
894
3795
3696
546
4419
3798
4772
3928
1566
407
1765
3116
3255
3181
2619
2730
2202
4492
1211
2797
4092
4049
1867
3526
449
203
572
2458
3405
734
3986
635
2561
834
2256
3685
2282
3993
2442
3662
4072
1840
4835
2343
2385
3417
3892
2712
98
371
10
1546
2847
2550
3467
674
2829
4675
1049
2704
1713
1350
1133
4098
362
2777
1558
4381
4097
3570
1959
539
4769
4326
180
659
4627
2419
1150
3190
3621
1788
1587
3965
378
655
2571
4219
4418
4579
1502
3407
115
4057
3743
3445
2405
390
3259
3812
51
2328
4396
2210
1778
615
633
1254
4334
3394
4365
3555
356
3094
1201
3393
3941
1492
1126
1963
501
1608
981
4113
4087
4033
722
2885
2710
2878
2814
3275
831
4412
3293
2175
1322
2606
2024
939
4346
4959
2680
2291
3196
315
3424
1676
4892
549
217
2628
4943
2922
307
4930
2583
4906
3480
2138
3700
4849
3348
235
107
2724
534
1913
912
979
906
2354
908
2520
3674
1505
926
755
2265
3029
2875
2219
4305
40
3666
1327
1480
725
1790
1365
2324
4414
2983
754
4215
1363
329
3329
2536
3975
2857
1574
3208
4581
2044
2043
967
1285
202
346
1882
2464
284
3154
1098
4009
3672
976
1979
4389
4971
553
1671
1550
1729
1807
2331
4978
36
2083
302
1876
2501
610
3890
1111
1134
2871
717
1559
2303
882
439
661
2064
2866
4598
4681
297
4841
1905
4321
4482
1886
3222
2317
4697
1374
3206
111
358
2999
2585
1347
3217
1831
1710
1090
1938
548
3830
4146
1191
3857
4512
1273
103
4439
4359
2090
63
3654
730
4733
3924
2803
2191
4999
3431
3450
384
2909
1320
2816
579
2355
150
1928
218
2490
2789
4501
3853
1388
1829
4452
2364
1199
2498
3141
2792
1076
4644
3953
1354
819
4745
1741
1016
4489
2052
1890
334
1130
869
2815
1917
2038
599
2279
3113
4580
1619
3322
2025
3292
2078
1814
4230
32
3362
2627
1164
2984
338
1853
2192
3874
664
394
1845
509
4995
2958
2839
4518
4533
564
1846
1255
4916
4780
921
2492
4794
3351
2840
1610
2615
4085
1369
3738
2495
2537
4817
3270
3399
1482
1893
4319
3084
4174
3172
239
1301
3653
4638
4877
4565
2130
3481
1736
4285
4277
3276
1180
2496
2921
1466
1303
3917
3544
1837
3646
1683
489
747
1247
521
4196
773
3236
162
2435
3866
4444
4059
2971
3644
369
3923
460
3463
2414
4311
3907
2505
1721
0
2919
3017
411
2988
568
3748
1326
1909
1642
2434
3053
3046
4232
1705
1184
4289
2334
1051
4897
4142
1768
4044
2322
569
4199
2208
588
1256
2860
117
20
4214
3095
3770
1105
2360
799
4967
2542
2709
2020
3235
2393
1006
179
189
3128
3318
3184
1851
3263
2733
1362
1364
3854
802
3613
2943
990
4299
3435
4433
4676
3684
3321
4237
852
2695
3522
